1;2 
2;3 
3;4 
4;4 
5;5 
6;6 
7;7 
8;8 
9;8 
10;9 
11;10 
12;10 
13;10 
14;10 
15;11 
16;12 
17;13 
18;13 
19;13 
20;14 
21;15 
22;15 
23;16 
24;17 
25;18 
26;19 
27;19 
28;20 
29;21 
30;22 
31;22 
32;23 
33;24 
34;24 
35;25 
36;26 
37;27 
38;28 
39;28 
40;28 
41;29 
42;30 
43;30 
44;31 
45;32 
46;33 
47;33 
48;34 
49;35 
50;36 
51;36 
52;37 
53;37 
54;38 
55;39 
56;40 
57;41 
58;42 
59;43 
60;44 
61;45 
62;46 
63;47 
64;48 
65;49 
66;50 
67;51 
68;52 
69;52 
70;53 
71;54 
72;55 
73;56 
74;57 
75;58 
76;59 
77;60 
78;61 
79;62 
80;62 
81;63 
82;63 
83;64 
84;64 
85;65 
86;65 
87;65 
88;66 
89;66 
90;67 
91;68 
92;69 
93;70 
94;71 
95;72 
96;73 
97;73 
98;74 
99;75 
100;76 
101;77 
102;77 
103;78 
104;79 
105;80 
106;81 
107;81 
108;81 
109;82 
110;82 
111;82 
112;82 
113;82 
114;83 
115;83 
116;84 
117;84 
118;84 
119;85 
120;86 
121;87 
122;88 
123;89 
124;90 
125;91 
126;92 
127;93 
128;93 
129;93 
130;94 
131;95 
132;96 
133;96 
134;96 
135;97 
136;97 
137;98 
138;99 
139;100 
140;100 
141;100 
142;101 
143;102 
144;102 
145;102 
146;102 
147;103 
148;104 
149;104 
150;104 
151;105 
152;105 
153;105 
154;106 
155;106 
156;107 
157;108 
158;109 
159;109 
160;109 
161;109 
162;110 
163;110 
164;111 
165;112 
166;113 
167;114 
168;114 
169;115 
170;115 
171;115 
172;116 
173;116 
174;116 
175;116 
176;117 
177;118 
178;119 
179;120 
180;121 
181;121 
182;122 
183;123 
184;123 
185;123 
186;124 
187;124 
188;124 
189;125 
190;125 
191;126 
192;127 
193;128 
194;129 
195;129 
196;129 
197;129 
198;130 
199;131 
200;132 
201;133 
202;134 
203;134 
204;135 
205;136 
206;137 
207;137 
208;138 
209;139 
210;139 
211;139 
212;139 
213;140 
214;141 
215;141 
216;141 
217;142 
218;143 
219;144 
220;144 
221;145 
222;146 
223;147 
224;147 
225;148 
226;148 
227;149 
228;149 
229;149 
230;149 
231;150 
232;151 
233;151 
234;151 
235;151 
236;151 
237;151 
238;151 
239;151 
240;151 
241;152 
242;152 
243;153 
244;154 
245;155 
246;156 
247;157 
248;158 
249;159 
250;160 
251;160 
252;161 
253;162 
254;163 
255;164 
256;164 
257;165 
258;165 
259;165 
260;165 
261;165 
262;166 
263;166 
264;166 
265;167 
266;168 
267;168 
268;169 
269;170 
270;171 
271;171 
272;172 
273;172 
274;172 
275;172 
276;173 
277;174 
278;175 
279;176 
280;176 
281;176 
282;176 
283;177 
284;178 
285;179 
286;179 
287;179 
288;179 
289;180 
290;180 
291;181 
292;181 
293;181 
294;181 
295;181 
296;181 
297;181 
298;181 
299;182 
300;183 
301;184 
302;185 
303;186 
304;186 
305;187 
306;187 
307;188 
308;188 
309;188 
310;188 
311;189 
312;190 
313;191 
314;192 
315;192 
316;193 
317;193 
318;193 
319;193 
320;194 
321;194 
322;195 
323;196 
324;197 
325;197 
326;198 
327;198 
328;199 
329;199 
330;199 
331;199 
332;200 
333;201 
334;201 
335;202 
336;203 
337;203 
338;204 
339;204 
340;205 
341;206 
342;206 
343;206 
344;207 
345;208 
346;209 
347;210 
348;211 
349;211 
350;211 
351;212 
352;212 
353;213 
354;213 
355;213 
356;213 
357;213 
358;214 
359;215 
360;215 
361;215 
362;216 
363;216 
364;216 
365;216 
366;217 
367;217 
368;218 
369;218 
370;219 
371;219 
372;219 
373;219 
374;219 
375;220 
376;221 
377;221 
378;221 
379;221 
380;221 
381;221 
382;221 
383;222 
384;222 
385;222 
386;223 
387;223 
388;223 
389;223 
390;224 
391;224 
392;225 
393;225 
394;226 
395;226 
396;226 
397;226 
398;226 
399;226 
400;226 
401;226 
402;227 
403;227 
404;227 
405;227 
406;227 
407;228 
408;229 
409;229 
410;229 
411;229 
412;229 
413;229 
414;229 
415;230 
416;230 
417;230 
418;230 
419;230 
420;231 
421;231 
422;231 
423;231 
424;232 
425;232 
426;232 
427;233 
428;233 
429;234 
430;234 
431;234 
432;234 
433;234 
434;234 
435;234 
436;234 
437;234 
438;234 
439;235 
440;236 
441;237 
442;237 
443;237 
444;238 
445;238 
446;238 
447;238 
448;238 
449;239 
450;240 
451;240 
452;240 
453;240 
454;240 
455;240 
456;241 
457;241 
458;242 
459;242 
460;242 
461;242 
462;242 
463;243 
464;243 
465;243 
466;244 
467;245 
468;246 
469;246 
470;246 
471;246 
472;246 
473;247 
474;247 
475;247 
476;248 
477;248 
478;248 
479;248 
480;248 
481;248 
482;249 
483;249 
484;249 
485;249 
486;250 
487;250 
488;250 
489;250 
490;250 
491;250 
492;250 
493;250 
494;250 
495;251 
496;251 
497;252 
498;252 
499;252 
500;252 
501;253 
502;253 
503;253 
504;253 
505;253 
506;253 
507;253 
508;253 
509;254 
510;254 
511;254 
512;254 
513;254 
514;254 
515;255 
516;255 
517;255 
518;256 
519;256 
520;256 
521;257 
522;257 
523;258 
524;258 
525;258 
526;259 
527;259 
528;260 
529;260 
530;260 
531;260 
532;260 
533;260 
534;260 
535;260 
536;261 
537;261 
538;261 
539;261 
540;261 
541;261 
542;261 
543;261 
544;261 
545;262 
546;263 
547;263 
548;263 
549;263 
550;263 
551;263 
552;263 
553;263 
554;264 
555;264 
556;264 
557;264 
558;264 
559;264 
560;264 
561;264 
562;265 
563;266 
564;266 
565;266 
566;266 
567;266 
568;266 
569;266 
570;266 
571;266 
572;266 
573;266 
574;266 
575;266 
576;266 
577;266 
578;266 
579;267 
580;267 
581;267 
582;267 
583;268 
584;269 
585;270 
586;271 
587;272 
588;272 
589;272 
590;272 
591;273 
592;274 
593;274 
594;274 
595;274 
596;275 
597;275 
598;275 
599;275 
600;275 
601;275 
602;275 
603;275 
604;275 
605;275 
606;276 
607;276 
608;276 
609;277 
610;277 
611;277 
612;277 
613;277 
614;278 
615;278 
616;278 
617;278 
618;278 
619;278 
620;278 
621;278 
622;278 
623;278 
624;279 
625;279 
626;279 
627;279 
628;279 
629;279 
630;279 
631;279 
632;280 
633;280 
634;280 
635;280 
636;280 
637;280 
638;280 
639;280 
640;280 
641;280 
642;280 
643;280 
644;280 
645;280 
646;280 
647;281 
648;281 
649;281 
650;281 
651;281 
652;281 
653;281 
654;281 
655;281 
656;281 
657;281 
658;281 
659;281 
660;282 
661;282 
662;282 
663;282 
664;282 
665;282 
666;283 
667;283 
668;283 
669;284 
670;285 
671;285 
672;285 
673;285 
674;285 
675;285 
676;285 
677;285 
678;285 
679;285 
680;286 
681;287 
682;287 
683;287 
684;287 
685;287 
686;287 
687;287 
688;287 
689;288 
690;289 
691;289 
692;289 
693;289 
694;289 
695;289 
696;290 
697;290 
698;290 
699;291 
700;291 
701;291 
702;291 
703;291 
704;292 
705;292 
706;292 
707;292 
708;293 
709;293 
710;293 
711;293 
712;293 
713;293 
714;293 
715;293 
716;293 
717;293 
718;293 
719;293 
720;293 
721;293 
722;293 
723;293 
724;293 
725;293 
726;293 
727;293 
728;293 
729;294 
730;294 
731;294 
732;294 
733;294 
734;294 
735;294 
736;294 
737;294 
738;294 
739;294 
740;294 
741;294 
742;294 
743;294 
744;294 
745;295 
746;295 
747;295 
748;295 
749;295 
750;295 
751;296 
752;296 
753;296 
754;297 
755;297 
756;298 
757;298 
758;298 
759;298 
760;298 
761;299 
762;299 
763;299 
764;299 
765;299 
766;300 
767;300 
768;300 
769;301 
770;302 
771;303 
772;303 
773;303 
774;303 
775;303 
776;303 
777;303 
778;303 
779;303 
780;303 
781;303 
782;303 
783;304 
784;304 
785;304 
786;304 
787;304 
788;304 
789;304 
790;304 
791;304 
792;304 
793;304 
794;305 
795;305 
796;305 
797;305 
798;306 
799;306 
800;306 
801;306 
802;306 
803;306 
804;306 
805;306 
806;306 
807;306 
808;307 
809;307 
810;307 
811;307 
812;308 
813;308 
814;308 
815;308 
816;308 
817;308 
818;308 
819;309 
820;309 
821;309 
822;309 
823;309 
824;309 
825;309 
826;309 
827;309 
828;310 
829;310 
830;310 
831;310 
832;311 
833;311 
834;311 
835;311 
836;311 
837;311 
838;311 
839;311 
840;311 
841;312 
842;312 
843;312 
844;312 
845;312 
846;312 
847;312 
848;313 
849;313 
850;313 
851;313 
852;313 
853;314 
854;314 
855;314 
856;314 
857;314 
858;314 
859;314 
860;314 
861;314 
862;314 
863;314 
864;314 
865;314 
866;314 
867;314 
868;314 
869;314 
870;314 
871;315 
872;316 
873;316 
874;316 
875;316 
876;316 
877;316 
878;316 
879;316 
880;317 
881;317 
882;317 
883;317 
884;317 
885;317 
886;317 
887;317 
888;317 
889;317 
890;317 
891;317 
892;317 
893;317 
894;317 
895;317 
896;317 
897;317 
898;317 
899;317 
900;317 
901;318 
902;318 
903;318 
904;318 
905;319 
906;319 
907;319 
908;319 
909;319 
910;319 
911;320 
912;320 
913;320 
914;320 
915;321 
916;321 
917;321 
918;321 
919;321 
920;321 
921;321 
922;322 
923;322 
924;322 
925;322 
926;322 
927;322 
928;322 
929;322 
930;322 
931;322 
932;322 
933;322 
934;322 
935;322 
936;322 
937;322 
938;323 
939;323 
940;323 
941;324 
942;324 
943;324 
944;324 
945;324 
946;324 
947;324 
948;324 
949;324 
950;324 
951;324 
952;324 
953;324 
954;324 
955;324 
956;325 
957;326 
958;326 
959;326 
960;326 
961;327 
962;327 
963;327 
964;327 
965;327 
966;327 
967;327 
968;328 
969;328 
970;328 
971;329 
972;329 
973;329 
974;329 
975;330 
976;330 
977;330 
978;330 
979;330 
980;331 
981;331 
982;332 
983;332 
984;333 
985;333 
986;333 
987;333 
988;333 
989;333 
990;333 
991;333 
992;333 
993;333 
994;333 
995;333 
996;333 
997;333 
998;333 
999;333 
1000;333 
1001;333 
1002;334 
1003;334 
1004;335 
1005;335 
1006;335 
1007;335 
1008;335 
1009;335 
1010;335 
1011;335 
1012;335 
1013;335 
1014;335 
1015;336 
1016;336 
1017;336 
1018;337 
1019;337 
1020;337 
1021;337 
1022;337 
1023;337 
1024;337 
1025;337 
1026;337 
1027;337 
1028;337 
1029;337 
1030;338 
1031;339 
1032;340 
1033;340 
1034;340 
1035;340 
1036;340 
1037;340 
1038;340 
1039;340 
1040;340 
1041;340 
1042;341 
1043;341 
1044;341 
1045;341 
1046;341 
1047;341 
1048;341 
1049;341 
1050;341 
1051;342 
1052;342 
1053;342 
1054;342 
1055;342 
1056;342 
1057;342 
1058;342 
1059;342 
1060;342 
1061;342 
1062;342 
1063;342 
1064;342 
1065;342 
1066;342 
1067;342 
1068;342 
1069;342 
1070;342 
1071;342 
1072;342 
1073;343 
1074;344 
1075;344 
1076;344 
1077;344 
1078;344 
1079;344 
1080;344 
1081;344 
1082;344 
1083;344 
1084;344 
1085;344 
1086;344 
1087;345 
1088;345 
1089;345 
1090;345 
1091;345 
1092;345 
1093;345 
1094;345 
1095;345 
1096;345 
1097;345 
1098;345 
1099;345 
1100;345 
1101;345 
1102;345 
1103;346 
1104;346 
1105;346 
1106;346 
1107;346 
1108;347 
1109;347 
1110;347 
1111;347 
1112;347 
1113;347 
1114;347 
1115;347 
1116;347 
1117;347 
1118;347 
1119;347 
1120;347 
1121;347 
1122;347 
1123;347 
1124;347 
1125;347 
1126;347 
1127;347 
1128;347 
1129;347 
1130;348 
1131;349 
1132;349 
1133;349 
1134;350 
1135;350 
1136;350 
1137;350 
1138;350 
1139;350 
1140;350 
1141;350 
1142;350 
1143;350 
1144;350 
1145;350 
1146;350 
1147;350 
1148;350 
1149;350 
1150;350 
1151;350 
1152;351 
1153;351 
1154;351 
1155;351 
1156;351 
1157;351 
1158;351 
1159;351 
1160;351 
1161;351 
1162;351 
1163;351 
1164;351 
1165;351 
1166;351 
1167;352 
1168;352 
1169;352 
1170;352 
1171;352 
1172;352 
1173;352 
1174;352 
1175;352 
1176;352 
1177;352 
1178;353 
1179;353 
1180;353 
1181;353 
1182;353 
1183;353 
1184;353 
1185;353 
1186;354 
1187;354 
1188;354 
1189;354 
1190;354 
1191;354 
1192;354 
1193;355 
1194;355 
1195;355 
1196;355 
1197;355 
1198;355 
1199;355 
1200;356 
1201;356 
1202;356 
1203;356 
1204;356 
1205;356 
1206;356 
1207;356 
1208;356 
1209;356 
1210;356 
1211;356 
1212;356 
1213;356 
1214;356 
1215;356 
1216;357 
1217;357 
1218;357 
1219;357 
1220;357 
1221;357 
1222;357 
1223;357 
1224;357 
1225;357 
1226;357 
1227;357 
1228;357 
1229;357 
1230;357 
1231;357 
1232;357 
1233;357 
1234;357 
1235;358 
1236;358 
1237;358 
1238;358 
1239;358 
1240;358 
1241;358 
1242;358 
1243;358 
1244;358 
1245;358 
1246;358 
1247;358 
1248;358 
1249;358 
1250;359 
1251;359 
1252;359 
1253;359 
1254;360 
1255;360 
1256;360 
1257;360 
1258;360 
1259;360 
1260;360 
1261;360 
1262;360 
1263;360 
1264;360 
1265;360 
1266;360 
1267;360 
1268;360 
1269;360 
1270;361 
1271;361 
1272;361 
1273;361 
1274;362 
1275;362 
1276;362 
1277;362 
1278;363 
1279;363 
1280;363 
1281;363 
1282;363 
1283;363 
1284;363 
1285;363 
1286;363 
1287;363 
1288;363 
1289;363 
1290;363 
1291;363 
1292;363 
1293;363 
1294;363 
1295;364 
1296;364 
1297;364 
1298;364 
1299;364 
1300;364 
1301;364 
1302;364 
1303;364 
1304;364 
1305;364 
1306;364 
1307;364 
1308;364 
1309;364 
1310;364 
1311;364 
1312;364 
1313;364 
1314;364 
1315;365 
1316;366 
1317;367 
1318;367 
1319;367 
1320;367 
1321;367 
1322;367 
1323;367 
1324;367 
1325;367 
1326;367 
1327;367 
1328;367 
1329;367 
1330;367 
1331;367 
1332;367 
1333;367 
1334;367 
1335;367 
1336;368 
1337;368 
1338;368 
1339;368 
1340;368 
1341;368 
1342;368 
1343;368 
1344;368 
1345;368 
1346;369 
1347;369 
1348;369 
1349;369 
1350;369 
1351;369 
1352;369 
1353;369 
1354;369 
1355;369 
1356;369 
1357;369 
1358;369 
1359;369 
1360;369 
1361;369 
1362;369 
1363;369 
1364;369 
1365;369 
1366;369 
1367;369 
1368;369 
1369;369 
1370;369 
1371;369 
1372;369 
1373;369 
1374;369 
1375;369 
1376;369 
1377;369 
1378;369 
1379;369 
1380;369 
1381;369 
1382;369 
1383;369 
1384;369 
1385;369 
1386;369 
1387;369 
1388;369 
1389;369 
1390;369 
1391;369 
1392;369 
1393;369 
1394;369 
1395;369 
1396;369 
1397;369 
1398;369 
1399;369 
1400;370 
1401;370 
1402;370 
1403;370 
1404;370 
1405;370 
1406;370 
1407;370 
1408;370 
1409;371 
1410;371 
1411;371 
1412;371 
1413;372 
1414;372 
1415;372 
1416;372 
1417;372 
1418;372 
1419;372 
1420;372 
1421;372 
1422;372 
1423;372 
1424;372 
1425;372 
1426;372 
1427;372 
1428;372 
1429;372 
1430;372 
1431;372 
1432;372 
1433;372 
1434;372 
1435;372 
1436;373 
1437;373 
1438;373 
1439;373 
1440;373 
1441;373 
1442;373 
1443;373 
1444;373 
1445;373 
1446;373 
1447;373 
1448;373 
1449;373 
1450;373 
1451;373 
1452;373 
1453;373 
1454;374 
1455;374 
1456;374 
1457;374 
1458;374 
1459;374 
1460;374 
1461;374 
1462;374 
1463;374 
1464;375 
1465;375 
1466;375 
1467;375 
1468;375 
1469;375 
1470;375 
1471;375 
1472;375 
1473;375 
1474;375 
1475;375 
1476;376 
1477;376 
1478;376 
1479;376 
1480;376 
1481;376 
1482;376 
1483;376 
1484;376 
1485;376 
1486;376 
1487;376 
1488;376 
1489;376 
1490;376 
1491;376 
1492;376 
1493;376 
1494;376 
1495;376 
1496;376 
1497;376 
1498;376 
1499;376 
1500;376 
1501;376 
1502;376 
1503;376 
1504;376 
1505;376 
1506;376 
1507;376 
1508;377 
1509;377 
1510;377 
1511;377 
1512;377 
1513;377 
1514;377 
1515;377 
1516;377 
1517;377 
1518;377 
1519;377 
1520;377 
1521;377 
1522;377 
1523;377 
1524;377 
1525;377 
1526;377 
1527;377 
1528;377 
1529;377 
1530;377 
1531;377 
1532;377 
1533;377 
1534;377 
1535;377 
1536;377 
1537;377 
1538;377 
1539;378 
1540;378 
1541;378 
1542;378 
1543;378 
1544;378 
1545;378 
1546;378 
1547;378 
1548;378 
1549;378 
1550;378 
1551;378 
1552;378 
1553;378 
1554;379 
1555;379 
1556;379 
1557;379 
1558;379 
1559;379 
1560;379 
1561;379 
1562;379 
1563;379 
1564;379 
1565;379 
1566;379 
1567;379 
1568;379 
1569;379 
1570;379 
1571;380 
1572;380 
1573;380 
1574;380 
1575;380 
1576;380 
1577;380 
1578;380 
1579;380 
1580;380 
1581;380 
1582;380 
1583;380 
1584;380 
1585;380 
1586;380 
1587;380 
1588;380 
1589;380 
1590;380 
1591;380 
1592;380 
1593;380 
1594;380 
1595;380 
1596;380 
1597;380 
1598;380 
1599;380 
1600;380 
1601;380 
1602;381 
1603;381 
1604;381 
1605;381 
1606;381 
1607;382 
1608;382 
1609;382 
1610;382 
1611;382 
1612;383 
1613;383 
1614;383 
1615;383 
1616;383 
1617;383 
1618;383 
1619;383 
1620;383 
1621;383 
1622;383 
1623;383 
1624;383 
1625;383 
1626;383 
1627;383 
1628;383 
1629;384 
1630;384 
1631;384 
1632;384 
1633;384 
1634;384 
1635;384 
1636;384 
1637;384 
1638;384 
1639;384 
1640;384 
1641;384 
1642;384 
1643;384 
1644;384 
1645;384 
1646;384 
1647;384 
1648;384 
1649;384 
1650;384 
1651;384 
1652;384 
1653;384 
1654;384 
1655;384 
1656;384 
1657;384 
1658;384 
1659;384 
1660;384 
1661;384 
1662;384 
1663;384 
1664;384 
1665;384 
1666;384 
1667;384 
1668;384 
1669;384 
1670;384 
1671;384 
1672;384 
1673;384 
1674;384 
1675;384 
1676;384 
1677;385 
1678;385 
1679;385 
1680;385 
1681;385 
1682;385 
1683;385 
1684;385 
1685;385 
1686;385 
1687;385 
1688;385 
1689;385 
1690;385 
1691;385 
1692;385 
1693;385 
1694;385 
1695;385 
1696;385 
1697;385 
1698;385 
1699;385 
1700;385 
1701;385 
1702;385 
1703;385 
1704;385 
1705;385 
1706;385 
1707;385 
1708;385 
1709;385 
1710;385 
1711;385 
1712;385 
1713;385 
1714;385 
1715;385 
1716;385 
1717;385 
1718;385 
1719;385 
1720;385 
1721;385 
1722;385 
1723;385 
1724;385 
1725;385 
1726;385 
1727;385 
1728;385 
1729;385 
1730;385 
1731;385 
1732;385 
1733;385 
1734;385 
1735;385 
1736;385 
1737;385 
1738;385 
1739;385 
1740;385 
1741;385 
1742;386 
1743;386 
1744;386 
1745;386 
1746;386 
1747;386 
1748;386 
1749;386 
1750;386 
1751;386 
1752;386 
1753;386 
1754;386 
1755;386 
1756;386 
1757;386 
1758;386 
1759;386 
1760;386 
1761;386 
1762;386 
1763;386 
1764;386 
1765;386 
1766;386 
1767;386 
1768;386 
1769;386 
1770;386 
1771;386 
1772;386 
1773;386 
1774;386 
1775;386 
1776;386 
1777;386 
1778;386 
1779;386 
1780;387 
1781;387 
1782;387 
1783;387 
1784;387 
1785;387 
1786;387 
1787;388 
1788;388 
1789;388 
1790;388 
1791;388 
1792;388 
1793;388 
1794;388 
1795;388 
1796;389 
1797;389 
1798;389 
1799;389 
1800;389 
1801;389 
1802;389 
1803;389 
1804;389 
1805;389 
1806;389 
1807;389 
1808;389 
1809;389 
1810;389 
1811;389 
1812;389 
1813;389 
1814;389 
1815;389 
1816;389 
1817;389 
1818;389 
1819;389 
1820;389 
1821;389 
1822;389 
1823;389 
1824;389 
1825;389 
1826;389 
1827;389 
1828;389 
1829;389 
1830;389 
1831;389 
1832;389 
1833;389 
1834;389 
1835;389 
1836;389 
1837;389 
1838;389 
1839;389 
1840;389 
1841;389 
1842;389 
1843;389 
1844;389 
1845;389 
1846;389 
1847;389 
1848;389 
1849;389 
1850;389 
1851;389 
1852;389 
1853;389 
1854;389 
1855;389 
1856;389 
1857;389 
1858;389 
1859;389 
1860;389 
1861;389 
1862;389 
1863;389 
1864;389 
1865;389 
1866;389 
1867;389 
1868;389 
1869;389 
1870;390 
1871;390 
1872;390 
1873;390 
1874;390 
1875;390 
1876;390 
1877;390 
1878;390 
1879;390 
1880;390 
1881;390 
1882;390 
1883;390 
1884;390 
1885;390 
1886;390 
1887;390 
1888;390 
1889;390 
1890;390 
1891;390 
1892;390 
1893;390 
1894;390 
1895;390 
1896;390 
1897;390 
1898;390 
1899;390 
1900;390 
1901;390 
1902;390 
1903;390 
1904;390 
1905;390 
1906;390 
1907;390 
1908;390 
1909;390 
1910;390 
1911;390 
1912;390 
1913;390 
1914;390 
1915;390 
1916;390 
1917;390 
1918;390 
1919;390 
1920;390 
1921;390 
1922;390 
1923;390 
1924;390 
1925;390 
1926;390 
1927;390 
1928;390 
1929;390 
1930;390 
1931;390 
1932;390 
1933;390 
1934;390 
1935;390 
1936;390 
1937;390 
1938;390 
1939;390 
1940;390 
1941;390 
1942;390 
1943;390 
1944;390 
1945;390 
1946;390 
1947;390 
1948;390 
1949;390 
1950;390 
1951;390 
1952;390 
1953;390 
1954;390 
1955;390 
1956;390 
1957;390 
1958;390 
1959;390 
1960;390 
1961;390 
1962;390 
1963;390 
1964;390 
1965;390 
1966;390 
1967;390 
1968;390 
1969;390 
1970;390 
1971;390 
1972;390 
1973;390 
1974;390 
1975;390 
1976;390 
1977;390 
1978;390 
1979;390 
1980;390 
1981;390 
1982;390 
1983;390 
1984;390 
1985;390 
1986;390 
1987;390 
1988;390 
1989;390 
1990;390 
1991;391 
1992;392 
1993;392 
1994;392 
1995;392 
1996;392 
1997;392 
1998;392 
1999;392 
2000;392 
2001;392 
2002;392 
2003;392 
2004;392 
2005;392 
2006;392 
2007;392 
2008;392 
2009;392 
2010;392 
2011;392 
2012;392 
2013;392 
2014;392 
2015;392 
2016;392 
2017;392 
2018;392 
2019;392 
2020;392 
2021;392 
2022;392 
2023;392 
2024;392 
2025;392 
2026;392 
2027;392 
2028;392 
2029;392 
2030;392 
2031;392 
2032;392 
2033;392 
2034;392 
2035;392 
2036;392 
2037;392 
2038;392 
2039;392 
2040;392 
2041;392 
2042;392 
2043;392 
2044;392 
2045;392 
2046;392 
2047;392 
2048;392 
2049;392 
2050;392 
2051;392 
2052;392 
2053;392 
2054;392 
2055;392 
2056;392 
2057;392 
2058;392 
2059;392 
2060;392 
2061;392 
2062;392 
2063;392 
2064;392 
2065;393 
2066;393 
2067;393 
2068;393 
2069;393 
2070;393 
2071;393 
2072;393 
2073;393 
2074;393 
2075;393 
2076;393 
2077;393 
2078;393 
2079;393 
2080;393 
2081;393 
2082;393 
2083;393 
2084;393 
2085;393 
2086;393 
2087;393 
2088;393 
2089;393 
2090;393 
2091;393 
2092;393 
2093;393 
2094;393 
2095;393 
2096;393 
2097;393 
2098;393 
2099;393 
2100;393 
2101;393 
2102;393 
2103;393 
2104;393 
2105;393 
2106;393 
2107;393 
2108;393 
2109;393 
2110;393 
2111;393 
2112;393 
2113;393 
2114;393 
2115;393 
2116;393 
2117;393 
2118;393 
2119;393 
2120;394 
2121;394 
2122;394 
2123;394 
2124;394 
2125;394 
2126;394 
2127;395 
2128;395 
2129;395 
2130;395 
2131;395 
2132;395 
2133;395 
2134;395 
2135;395 
2136;395 
2137;395 
2138;395 
2139;395 
2140;395 
2141;395 
2142;395 
2143;395 
2144;395 
2145;395 
2146;395 
2147;395 
2148;395 
2149;395 
2150;395 
2151;395 
2152;395 
2153;395 
2154;395 
2155;395 
2156;395 
2157;395 
2158;395 
2159;395 
2160;395 
2161;395 
2162;395 
2163;395 
2164;395 
2165;395 
2166;395 
2167;395 
2168;395 
2169;395 
2170;395 
2171;395 
2172;395 
2173;395 
2174;395 
2175;395 
2176;395 
2177;395 
2178;395 
2179;395 
2180;395 
2181;396 
2182;396 
2183;396 
2184;396 
2185;396 
2186;396 
2187;397 
2188;397 
2189;397 
2190;397 
2191;397 
2192;397 
2193;397 
2194;397 
2195;397 
2196;397 
2197;397 
2198;397 
2199;397 
2200;397 
2201;397 
2202;397 
2203;397 
2204;397 
2205;397 
2206;397 
2207;397 
2208;397 
2209;397 
2210;397 
2211;397 
2212;397 
2213;397 
2214;397 
2215;397 
2216;397 
2217;397 
2218;397 
2219;397 
2220;397 
2221;397 
2222;397 
2223;397 
2224;397 
2225;397 
2226;397 
2227;397 
2228;397 
2229;397 
2230;397 
2231;397 
2232;397 
2233;397 
2234;397 
2235;397 
2236;397 
2237;397 
2238;397 
2239;397 
2240;397 
2241;397 
2242;397 
2243;397 
2244;397 
2245;397 
2246;397 
2247;397 
2248;397 
2249;397 
2250;397 
2251;397 
2252;397 
2253;397 
2254;397 
2255;397 
2256;397 
2257;397 
2258;397 
2259;397 
2260;397 
2261;397 
2262;397 
2263;397 
2264;397 
2265;397 
2266;397 
2267;397 
2268;397 
2269;397 
2270;397 
2271;397 
2272;397 
2273;397 
2274;397 
2275;397 
2276;397 
2277;397 
2278;397 
2279;397 
2280;397 
2281;397 
2282;397 
2283;397 
2284;397 
2285;397 
2286;397 
2287;397 
2288;397 
2289;397 
2290;397 
2291;397 
2292;397 
2293;397 
2294;397 
2295;397 
2296;397 
2297;397 
2298;397 
2299;397 
2300;397 
2301;397 
2302;397 
2303;397 
2304;397 
2305;397 
2306;397 
2307;397 
2308;397 
2309;397 
2310;397 
2311;397 
2312;397 
2313;397 
2314;397 
2315;397 
2316;397 
2317;397 
2318;397 
2319;397 
2320;397 
2321;397 
2322;397 
2323;397 
2324;397 
2325;397 
2326;397 
2327;397 
2328;397 
2329;397 
2330;397 
2331;397 
2332;397 
2333;397 
2334;397 
2335;397 
2336;397 
2337;397 
2338;397 
2339;397 
2340;397 
2341;397 
2342;397 
2343;397 
2344;397 
2345;397 
2346;397 
2347;397 
2348;397 
2349;397 
2350;397 
2351;397 
2352;397 
2353;397 
2354;397 
2355;397 
2356;397 
2357;397 
2358;397 
2359;397 
2360;397 
2361;397 
2362;397 
2363;397 
2364;397 
2365;397 
2366;397 
2367;397 
2368;397 
2369;397 
2370;397 
2371;397 
2372;397 
2373;397 
2374;397 
2375;397 
2376;397 
2377;397 
2378;397 
2379;397 
2380;397 
2381;397 
2382;397 
2383;397 
2384;397 
2385;397 
2386;397 
2387;397 
2388;397 
2389;397 
2390;397 
2391;397 
2392;397 
2393;397 
2394;397 
2395;397 
2396;397 
2397;397 
2398;397 
2399;397 
2400;397 
2401;397 
2402;397 
2403;397 
2404;397 
2405;397 
2406;397 
2407;397 
2408;397 
2409;397 
2410;397 
2411;397 
2412;397 
2413;397 
2414;397 
2415;397 
2416;397 
2417;397 
2418;397 
2419;397 
2420;397 
2421;397 
2422;397 
2423;397 
2424;397 
2425;397 
2426;397 
2427;397 
2428;397 
2429;397 
2430;397 
2431;397 
2432;397 
2433;397 
2434;397 
2435;397 
2436;397 
2437;397 
2438;398 
2439;398 
2440;398 
2441;398 
2442;398 
2443;398 
2444;398 
2445;398 
2446;398 
2447;398 
2448;398 
2449;398 
2450;398 
2451;398 
2452;398 
2453;398 
2454;398 
2455;398 
2456;398 
2457;398 
2458;398 
2459;398 
2460;398 
2461;398 
2462;398 
2463;398 
2464;398 
2465;398 
2466;398 
2467;398 
2468;398 
2469;398 
2470;398 
2471;398 
2472;398 
2473;398 
2474;398 
2475;398 
2476;398 
2477;398 
2478;398 
2479;398 
2480;398 
2481;398 
2482;398 
2483;398 
2484;398 
2485;398 
2486;398 
2487;398 
2488;398 
2489;398 
2490;398 
2491;398 
2492;398 
2493;398 
2494;398 
2495;398 
2496;398 
2497;398 
2498;398 
2499;398 
2500;398 
2501;398 
2502;398 
2503;398 
2504;398 
2505;398 
2506;398 
2507;398 
2508;398 
2509;398 
2510;398 
2511;398 
2512;398 
2513;398 
2514;398 
2515;398 
2516;398 
2517;398 
2518;398 
2519;398 
2520;398 
2521;398 
2522;398 
2523;398 
2524;398 
2525;398 
2526;398 
2527;398 
2528;398 
2529;398 
2530;398 
2531;398 
2532;398 
2533;398 
2534;398 
2535;398 
2536;398 
2537;398 
2538;398 
2539;398 
2540;398 
2541;398 
2542;398 
2543;398 
2544;398 
2545;398 
2546;398 
2547;398 
2548;398 
2549;398 
2550;398 
2551;398 
2552;398 
2553;398 
2554;398 
2555;398 
2556;398 
2557;398 
2558;398 
2559;398 
2560;398 
2561;398 
2562;398 
2563;398 
2564;398 
2565;398 
2566;398 
2567;398 
2568;398 
2569;398 
2570;398 
2571;398 
2572;398 
2573;398 
2574;398 
2575;398 
2576;398 
2577;398 
2578;398 
2579;398 
2580;398 
2581;398 
2582;398 
2583;398 
2584;398 
2585;398 
2586;398 
2587;398 
2588;398 
2589;398 
2590;398 
2591;398 
2592;398 
2593;398 
2594;398 
2595;398 
2596;398 
2597;398 
2598;398 
2599;398 
2600;398 
2601;398 
2602;398 
2603;398 
2604;398 
2605;398 
2606;398 
2607;398 
2608;398 
2609;398 
2610;398 
2611;398 
2612;398 
2613;398 
2614;398 
2615;398 
2616;398 
2617;398 
2618;398 
2619;398 
2620;398 
2621;398 
2622;398 
2623;398 
2624;398 
2625;398 
2626;398 
2627;398 
2628;398 
2629;398 
2630;398 
2631;398 
2632;398 
2633;398 
2634;398 
2635;398 
2636;398 
2637;398 
2638;398 
2639;398 
2640;398 
2641;398 
2642;398 
2643;398 
2644;398 
2645;398 
2646;398 
2647;398 
2648;398 
2649;398 
2650;398 
2651;398 
2652;398 
2653;398 
2654;398 
2655;398 
2656;398 
2657;398 
2658;398 
2659;398 
2660;398 
2661;398 
2662;398 
2663;398 
2664;398 
2665;398 
2666;398 
2667;398 
2668;398 
2669;398 
2670;398 
2671;398 
2672;398 
2673;398 
2674;398 
2675;398 
2676;398 
2677;398 
2678;398 
2679;398 
2680;398 
2681;398 
2682;398 
2683;398 
2684;398 
2685;398 
2686;398 
2687;398 
2688;398 
2689;398 
2690;398 
2691;398 
2692;398 
2693;398 
2694;398 
2695;398 
2696;398 
2697;398 
2698;398 
2699;398 
2700;398 
2701;398 
2702;398 
2703;398 
2704;398 
2705;398 
2706;398 
2707;398 
2708;398 
2709;398 
2710;398 
2711;398 
2712;398 
2713;398 
2714;398 
2715;398 
2716;398 
2717;398 
2718;398 
2719;398 
2720;398 
2721;398 
2722;398 
2723;398 
2724;398 
2725;398 
2726;398 
2727;398 
2728;398 
2729;398 
2730;398 
2731;398 
2732;398 
2733;398 
2734;398 
2735;398 
2736;398 
2737;398 
2738;398 
2739;398 
2740;398 
2741;398 
2742;398 
2743;398 
2744;398 
2745;398 
2746;398 
2747;398 
2748;398 
2749;398 
2750;398 
2751;398 
2752;398 
2753;398 
2754;398 
2755;398 
2756;398 
2757;398 
2758;398 
2759;398 
2760;398 
2761;398 
2762;398 
2763;398 
2764;398 
2765;398 
2766;398 
2767;398 
2768;398 
2769;398 
2770;398 
2771;398 
2772;398 
2773;398 
2774;398 
2775;398 
2776;398 
2777;398 
2778;398 
2779;398 
2780;398 
2781;398 
2782;398 
2783;398 
2784;398 
2785;398 
2786;398 
2787;398 
2788;398 
2789;398 
2790;398 
2791;398 
2792;398 
2793;398 
2794;398 
2795;398 
2796;398 
2797;398 
2798;398 
2799;398 
2800;398 
2801;398 
2802;398 
2803;398 
2804;398 
2805;398 
2806;398 
2807;398 
2808;398 
2809;398 
2810;398 
2811;398 
2812;398 
2813;398 
2814;398 
2815;398 
2816;398 
2817;398 
2818;398 
2819;398 
2820;398 
2821;398 
2822;398 
2823;398 
2824;398 
2825;398 
2826;398 
2827;398 
2828;398 
2829;398 
2830;398 
2831;398 
2832;398 
2833;398 
2834;398 
2835;398 
2836;398 
2837;398 
2838;398 
2839;398 
2840;398 
2841;398 
2842;398 
2843;398 
2844;398 
2845;398 
2846;398 
2847;398 
2848;398 
2849;398 
2850;398 
2851;398 
2852;398 
2853;398 
2854;398 
2855;398 
2856;398 
2857;398 
2858;398 
2859;398 
2860;398 
2861;398 
2862;398 
2863;398 
2864;398 
2865;398 
2866;398 
2867;398 
2868;398 
2869;398 
2870;398 
2871;398 
2872;398 
2873;398 
2874;398 
2875;398 
2876;398 
2877;398 
2878;398 
2879;398 
2880;398 
2881;398 
2882;398 
2883;398 
2884;398 
2885;398 
2886;398 
2887;398 
2888;398 
2889;398 
2890;398 
2891;398 
2892;398 
2893;398 
2894;398 
2895;398 
2896;398 
2897;398 
2898;398 
2899;398 
2900;398 
2901;398 
2902;398 
2903;398 
2904;398 
2905;398 
2906;398 
2907;398 
2908;398 
2909;398 
2910;398 
2911;398 
2912;398 
2913;398 
2914;398 
2915;398 
2916;398 
2917;398 
2918;398 
2919;398 
2920;398 
2921;398 
2922;398 
2923;398 
2924;398 
2925;398 
2926;398 
2927;398 
2928;398 
2929;398 
2930;398 
2931;398 
2932;398 
2933;398 
2934;398 
2935;398 
2936;398 
2937;398 
2938;398 
2939;398 
2940;398 
2941;398 
2942;398 
2943;398 
2944;398 
2945;398 
2946;398 
2947;398 
2948;398 
2949;398 
2950;398 
2951;398 
2952;398 
2953;398 
2954;398 
2955;398 
2956;398 
2957;398 
2958;398 
2959;398 
2960;398 
2961;398 
2962;398 
2963;398 
2964;398 
2965;398 
2966;398 
2967;398 
2968;398 
2969;398 
2970;398 
2971;398 
2972;398 
2973;398 
2974;398 
2975;398 
2976;398 
2977;398 
2978;398 
2979;398 
2980;398 
2981;398 
2982;398 
2983;398 
2984;398 
2985;398 
2986;398 
2987;398 
2988;398 
2989;398 
2990;398 
2991;398 
2992;398 
2993;398 
2994;398 
2995;398 
2996;398 
2997;398 
2998;398 
2999;398 
3000;398 
3001;398 
3002;398 
3003;398 
3004;398 
3005;398 
3006;398 
3007;398 
3008;398 
3009;398 
3010;398 
3011;398 
3012;398 
3013;398 
3014;398 
3015;398 
3016;398 
3017;398 
3018;398 
3019;398 
3020;398 
3021;398 
3022;398 
3023;398 
3024;398 
3025;398 
3026;398 
3027;398 
3028;398 
3029;399 
3030;399 
3031;399 
3032;399 
3033;399 
3034;399 
3035;399 
3036;399 
3037;399 
3038;399 
3039;399 
3040;399 
3041;399 
3042;399 
3043;399 
3044;399 
3045;399 
3046;399 
3047;399 
3048;399 
3049;399 
3050;399 
3051;399 
3052;399 
3053;399 
3054;399 
3055;399 
3056;399 
3057;399 
3058;399 
3059;399 
3060;399 
3061;399 
3062;399 
3063;399 
3064;399 
3065;399 
3066;399 
3067;399 
3068;399 
3069;399 
3070;399 
3071;399 
3072;399 
3073;399 
3074;399 
3075;399 
3076;399 
3077;399 
3078;399 
3079;399 
3080;399 
3081;399 
3082;399 
3083;399 
3084;399 
3085;399 
3086;399 
3087;399 
3088;399 
3089;399 
3090;399 
3091;399 
3092;399 
3093;399 
3094;399 
3095;399 
3096;399 
3097;399 
3098;399 
3099;399 
3100;399 
3101;399 
3102;399 
3103;399 
3104;399 
3105;399 
3106;399 
3107;399 
3108;399 
3109;399 
3110;399 
3111;399 
3112;399 
3113;399 
3114;399 
3115;399 
3116;399 
3117;399 
3118;399 
3119;399 
3120;399 
3121;399 
3122;399 
3123;399 
3124;399 
3125;399 
3126;399 
3127;399 
3128;399 
3129;399 
3130;399 
3131;399 
3132;399 
3133;399 
3134;399 
3135;399 
3136;399 
3137;399 
3138;399 
3139;399 
3140;399 
3141;399 
3142;399 
3143;399 
3144;399 
3145;399 
3146;399 
3147;399 
3148;399 
3149;399 
3150;399 
3151;399 
3152;399 
3153;399 
3154;399 
3155;399 
3156;399 
3157;399 
3158;399 
3159;399 
3160;399 
3161;399 
3162;399 
3163;399 
3164;399 
3165;399 
3166;399 
3167;399 
3168;399 
3169;399 
3170;399 
3171;399 
3172;399 
3173;399 
3174;399 
3175;399 
3176;399 
3177;399 
3178;399 
3179;399 
3180;399 
3181;399 
3182;399 
3183;399 
3184;399 
3185;399 
3186;399 
3187;399 
3188;399 
3189;399 
3190;399 
3191;399 
3192;399 
3193;399 
3194;399 
3195;399 
3196;399 
3197;399 
3198;399 
3199;399 
3200;399 
3201;399 
3202;399 
3203;399 
3204;399 
3205;399 
3206;399 
3207;399 
3208;399 
3209;399 
3210;399 
3211;399 
3212;399 
3213;399 
3214;399 
3215;399 
3216;399 
3217;399 
3218;399 
3219;399 
3220;399 
3221;399 
3222;399 
3223;399 
3224;399 
3225;399 
3226;399 
3227;399 
3228;399 
3229;399 
3230;399 
3231;399 
3232;399 
3233;399 
3234;399 
3235;399 
3236;399 
3237;399 
3238;399 
3239;399 
3240;399 
3241;399 
3242;399 
3243;399 
3244;399 
3245;399 
3246;399 
3247;399 
3248;399 
3249;399 
3250;399 
3251;399 
3252;399 
3253;399 
3254;399 
3255;399 
3256;399 
3257;399 
3258;399 
3259;399 
3260;399 
3261;399 
3262;399 
3263;399 
3264;399 
3265;399 
3266;399 
3267;399 
3268;399 
3269;399 
3270;399 
3271;399 
3272;399 
3273;399 
3274;399 
3275;399 
3276;399 
3277;399 
3278;399 
3279;399 
3280;399 
3281;399 
3282;399 
3283;399 
3284;399 
3285;399 
3286;399 
3287;399 
3288;399 
3289;399 
3290;399 
3291;399 
3292;399 
3293;399 
3294;399 
3295;399 
3296;399 
3297;399 
3298;399 
3299;399 
3300;399 
3301;399 
3302;399 
3303;399 
3304;399 
3305;399 
3306;399 
3307;399 
3308;399 
3309;399 
3310;399 
3311;399 
3312;399 
3313;399 
3314;399 
3315;399 
3316;399 
3317;399 
3318;399 
3319;399 
3320;399 
3321;399 
3322;399 
3323;399 
3324;399 
3325;399 
3326;399 
3327;399 
3328;399 
3329;399 
3330;399 
3331;399 
3332;399 
3333;399 
3334;399 
3335;399 
3336;399 
3337;399 
3338;399 
3339;399 
3340;399 
3341;399 
3342;399 
3343;399 
3344;399 
3345;399 
3346;399 
3347;399 
3348;399 
3349;399 
3350;399 
3351;399 
3352;399 
3353;399 
3354;399 
3355;399 
3356;399 
3357;399 
3358;399 
3359;399 
3360;399 
3361;399 
3362;399 
3363;399 
3364;399 
3365;399 
3366;399 
3367;399 
3368;399 
3369;399 
3370;399 
3371;399 
3372;399 
3373;399 
3374;399 
3375;399 
3376;399 
3377;399 
3378;399 
3379;399 
3380;399 
3381;399 
3382;399 
3383;399 
3384;399 
3385;399 
3386;399 
3387;399 
3388;399 
3389;399 
3390;399 
3391;399 
3392;399 
3393;399 
3394;399 
3395;399 
3396;399 
3397;399 
3398;399 
3399;399 
3400;399 
3401;399 
3402;399 
3403;399 
3404;399 
3405;399 
3406;399 
3407;399 
3408;399 
3409;399 
3410;399 
3411;399 
3412;399 
3413;399 
3414;399 
3415;399 
3416;399 
3417;399 
3418;399 
3419;399 
3420;399 
3421;399 
3422;399 
3423;399 
3424;399 
3425;399 
3426;399 
3427;399 
3428;399 
3429;399 
3430;399 
3431;399 
3432;399 
3433;399 
3434;399 
3435;399 
3436;399 
3437;399 
3438;399 
3439;399 
3440;399 
3441;399 
3442;399 
3443;399 
3444;399 
3445;399 
3446;399 
3447;399 
3448;399 
3449;399 
3450;399 
3451;399 
3452;399 
3453;399 
3454;399 
3455;399 
3456;399 
3457;399 
3458;399 
3459;399 
3460;399 
3461;399 
3462;399 
3463;399 
3464;399 
3465;399 
3466;399 
3467;399 
3468;399 
3469;399 
3470;399 
3471;399 
3472;399 
3473;399 
3474;399 
3475;399 
3476;399 
3477;399 
3478;399 
3479;399 
3480;399 
3481;399 
3482;399 
3483;399 
3484;399 
3485;399 
3486;399 
3487;399 
3488;399 
3489;399 
3490;399 
3491;399 
3492;399 
3493;399 
3494;399 
3495;399 
3496;399 
3497;399 
3498;399 
3499;399 
3500;399 
3501;399 
3502;399 
3503;399 
3504;399 
3505;399 
3506;399 
3507;399 
3508;399 
3509;399 
3510;399 
3511;399 
3512;399 
3513;399 
3514;399 
3515;399 
3516;399 
3517;399 
3518;399 
3519;399 
3520;399 
3521;399 
3522;399 
3523;399 
3524;399 
3525;399 
3526;399 
3527;399 
3528;399 
3529;399 
3530;399 
3531;399 
3532;399 
3533;399 
3534;399 
3535;399 
3536;399 
3537;399 
3538;399 
3539;399 
3540;399 
3541;399 
3542;399 
3543;399 
3544;399 
3545;399 
3546;399 
3547;399 
3548;399 
3549;399 
3550;399 
3551;399 
3552;399 
3553;399 
3554;399 
3555;399 
3556;399 
3557;399 
3558;399 
3559;399 
3560;399 
3561;399 
3562;399 
3563;399 
3564;399 
3565;399 
3566;399 
3567;399 
3568;399 
3569;399 
3570;399 
3571;399 
3572;399 
3573;399 
3574;399 
3575;399 
3576;399 
3577;399 
3578;399 
3579;399 
3580;399 
3581;399 
3582;399 
3583;399 
3584;399 
3585;399 
3586;399 
3587;399 
3588;399 
3589;399 
3590;399 
3591;399 
3592;399 
3593;399 
3594;399 
3595;399 
3596;399 
3597;399 
3598;399 
3599;399 
3600;399 
3601;399 
3602;399 
3603;399 
3604;399 
3605;399 
3606;399 
3607;399 
3608;399 
3609;399 
3610;399 
3611;399 
3612;399 
3613;399 
3614;399 
3615;399 
3616;399 
3617;399 
3618;399 
3619;399 
3620;399 
3621;399 
3622;399 
3623;399 
3624;399 
3625;399 
3626;399 
3627;399 
3628;399 
3629;399 
3630;399 
3631;399 
3632;399 
3633;399 
3634;399 
3635;399 
3636;399 
3637;399 
3638;399 
3639;399 
3640;399 
3641;399 
3642;399 
3643;399 
3644;399 
3645;399 
3646;399 
3647;399 
3648;399 
3649;399 
3650;399 
3651;399 
3652;399 
3653;399 
3654;399 
3655;399 
3656;399 
3657;399 
3658;399 
3659;399 
3660;399 
3661;399 
3662;399 
3663;399 
3664;399 
3665;399 
3666;399 
3667;399 
3668;399 
3669;399 
3670;399 
3671;399 
3672;399 
3673;399 
3674;399 
3675;399 
3676;399 
3677;399 
3678;399 
3679;399 
3680;399 
3681;399 
3682;399 
3683;399 
3684;399 
3685;399 
3686;399 
3687;399 
3688;399 
3689;399 
3690;399 
3691;399 
3692;399 
3693;399 
3694;399 
3695;399 
3696;399 
3697;399 
3698;399 
3699;399 
3700;399 
3701;399 
3702;399 
3703;399 
3704;399 
3705;399 
3706;399 
3707;399 
3708;399 
3709;399 
3710;399 
3711;399 
3712;399 
3713;399 
3714;399 
3715;399 
3716;399 
3717;399 
3718;399 
3719;399 
3720;399 
3721;399 
3722;399 
3723;399 
3724;399 
3725;399 
3726;399 
3727;399 
3728;399 
3729;399 
3730;399 
3731;399 
3732;399 
3733;399 
3734;399 
3735;399 
3736;399 
3737;399 
3738;399 
3739;399 
3740;399 
3741;399 
3742;399 
3743;399 
3744;399 
3745;399 
3746;399 
3747;399 
3748;399 
3749;399 
3750;399 
3751;399 
3752;399 
3753;399 
3754;399 
3755;399 
3756;399 
3757;399 
3758;399 
3759;399 
3760;399 
3761;399 
3762;399 
3763;399 
3764;399 
3765;399 
3766;399 
3767;399 
3768;399 
3769;399 
3770;399 
3771;399 
3772;399 
3773;399 
3774;399 
3775;399 
3776;399 
3777;399 
3778;399 
3779;399 
3780;399 
3781;399 
3782;399 
3783;399 
3784;399 
3785;399 
3786;399 
3787;399 
3788;399 
3789;399 
3790;399 
3791;399 
3792;399 
3793;399 
3794;399 
3795;399 
3796;399 
3797;399 
3798;399 
3799;399 
3800;399 
3801;399 
3802;399 
3803;399 
3804;399 
3805;399 
3806;399 
3807;399 
3808;399 
3809;399 
3810;399 
3811;399 
3812;399 
3813;399 
3814;399 
3815;399 
3816;399 
3817;399 
3818;399 
3819;399 
3820;399 
3821;399 
3822;399 
3823;399 
3824;399 
3825;399 
3826;399 
3827;399 
3828;399 
3829;399 
3830;399 
3831;399 
3832;399 
3833;399 
3834;399 
3835;399 
3836;399 
3837;399 
3838;399 
3839;399 
3840;399 
3841;399 
3842;399 
3843;399 
3844;399 
3845;399 
3846;399 
3847;399 
3848;399 
3849;399 
3850;399 
3851;399 
3852;399 
3853;399 
3854;399 
3855;399 
3856;399 
3857;399 
3858;399 
3859;399 
3860;399 
3861;399 
3862;399 
3863;399 
3864;399 
3865;399 
3866;399 
3867;399 
3868;399 
3869;399 
3870;399 
3871;399 
3872;399 
3873;399 
3874;399 
3875;399 
3876;399 
3877;399 
3878;399 
3879;399 
3880;399 
3881;399 
3882;399 
3883;399 
3884;399 
3885;399 
3886;399 
3887;399 
3888;399 
3889;399 
3890;399 
3891;399 
3892;399 
3893;399 
3894;399 
3895;399 
3896;399 
3897;399 
3898;399 
3899;399 
3900;399 
3901;399 
3902;399 
3903;399 
3904;399 
3905;399 
3906;399 
3907;399 
3908;399 
3909;399 
3910;399 
3911;399 
3912;399 
3913;399 
3914;399 
3915;399 
3916;399 
3917;399 
3918;399 
3919;399 
3920;399 
3921;399 
3922;399 
3923;399 
3924;399 
3925;399 
3926;399 
3927;399 
3928;399 
3929;399 
3930;399 
3931;399 
3932;399 
3933;399 
3934;399 
3935;399 
3936;399 
3937;399 
3938;399 
3939;399 
3940;399 
3941;399 
3942;399 
3943;399 
3944;399 
3945;399 
3946;399 
3947;399 
3948;399 
3949;399 
3950;399 
3951;399 
3952;399 
3953;399 
3954;399 
3955;399 
3956;399 
3957;399 
3958;399 
3959;399 
3960;399 
3961;399 
3962;399 
3963;399 
3964;399 
3965;399 
3966;399 
3967;399 
3968;399 
3969;399 
3970;399 
3971;399 
3972;399 
3973;399 
3974;399 
3975;399 
3976;399 
3977;399 
3978;399 
3979;399 
3980;399 
3981;399 
3982;399 
3983;399 
3984;399 
3985;399 
3986;399 
3987;399 
3988;399 
3989;399 
3990;399 
3991;399 
3992;399 
3993;399 
3994;399 
3995;399 
3996;399 
3997;399 
3998;399 
3999;399 
4000;399 
4001;399 
4002;399 
4003;399 
4004;399 
4005;399 
4006;399 
4007;399 
4008;399 
4009;399 
4010;399 
4011;399 
4012;399 
4013;399 
4014;399 
4015;399 
4016;399 
4017;399 
4018;399 
4019;399 
4020;399 
4021;399 
4022;399 
4023;399 
4024;399 
4025;399 
4026;399 
4027;399 
4028;399 
4029;399 
4030;399 
4031;399 
4032;399 
4033;400 
