0;906 
1;912 
2;926 
3;932 
4;900 
5;932 
6;900 
7;920 
8;882 
9;882 
10;878 
11;926 
12;920 
13;898 
14;896 
15;970 
16;926 
17;862 
18;892 
19;856 
20;878 
21;924 
22;920 
23;876 
24;920 
25;964 
26;902 
27;968 
28;942 
29;910 
30;892 
31;874 
32;930 
33;916 
34;898 
35;910 
36;890 
37;892 
38;950 
39;910 
40;854 
41;900 
42;912 
43;934 
44;896 
45;880 
46;830 
47;882 
48;920 
49;908 
50;928 
51;894 
52;882 
53;932 
54;930 
55;908 
56;892 
57;906 
58;884 
59;924 
60;956 
61;898 
62;926 
63;988 
64;900 
65;896 
66;890 
67;896 
68;944 
69;874 
70;940 
71;882 
72;858 
73;878 
74;880 
75;900 
76;850 
77;928 
78;878 
79;934 
80;874 
81;910 
82;878 
83;894 
84;902 
85;864 
86;938 
87;896 
88;846 
89;928 
90;856 
91;934 
92;898 
93;912 
94;878 
95;914 
96;880 
97;892 
98;914 
99;900 
100;964 
101;918 
102;886 
103;924 
104;936 
105;962 
106;868 
107;898 
108;864 
109;862 
110;874 
111;912 
112;908 
113;888 
114;918 
115;880 
116;882 
117;960 
118;888 
119;840 
120;950 
121;930 
122;908 
123;904 
124;854 
125;866 
126;866 
127;892 
128;918 
129;884 
130;900 
131;886 
132;864 
133;860 
134;884 
135;888 
136;944 
137;866 
138;904 
139;886 
140;874 
141;870 
142;886 
143;858 
144;942 
145;864 
146;924 
147;936 
148;972 
149;896 
150;920 
151;866 
152;868 
153;868 
154;860 
155;916 
156;886 
157;870 
158;896 
159;908 
160;872 
161;908 
162;920 
163;968 
164;864 
165;898 
166;934 
167;882 
168;924 
169;916 
170;900 
171;906 
172;906 
173;910 
174;918 
175;874 
176;884 
177;894 
178;872 
179;882 
180;912 
181;898 
182;892 
183;886 
184;898 
185;898 
186;892 
187;858 
188;954 
189;914 
190;880 
191;922 
192;928 
193;926 
194;854 
195;932 
196;884 
197;850 
198;920 
199;880 
200;882 
201;974 
202;912 
203;914 
204;868 
205;878 
206;894 
207;896 
208;896 
209;870 
210;948 
211;848 
212;936 
213;890 
214;896 
215;838 
216;818 
217;900 
218;912 
219;892 
220;938 
221;854 
222;892 
223;880 
224;892 
225;914 
226;914 
227;926 
228;924 
229;906 
230;868 
231;886 
232;880 
233;894 
234;864 
235;936 
236;916 
237;902 
238;904 
239;882 
240;922 
241;916 
242;870 
243;906 
244;904 
245;848 
246;942 
247;890 
248;916 
249;910 
250;904 
251;940 
252;884 
253;904 
254;866 
255;930 
256;900 
257;894 
258;914 
259;872 
260;930 
261;928 
262;920 
263;928 
264;906 
265;912 
266;926 
267;976 
268;938 
269;922 
270;910 
271;868 
272;936 
273;910 
274;834 
275;886 
276;900 
277;862 
278;882 
279;920 
280;876 
281;850 
282;884 
283;902 
284;878 
285;952 
286;924 
287;882 
288;898 
289;922 
290;910 
291;934 
292;864 
293;894 
294;910 
295;954 
296;878 
297;898 
298;890 
299;890 
300;884 
301;906 
302;896 
303;922 
304;926 
305;912 
306;844 
307;962 
308;912 
309;932 
310;868 
311;892 
312;954 
313;944 
314;882 
315;902 
316;892 
317;892 
318;918 
319;932 
320;900 
321;878 
322;896 
323;888 
324;920 
325;904 
326;868 
327;878 
328;902 
329;908 
330;928 
331;882 
332;940 
333;866 
334;934 
335;916 
336;900 
337;896 
338;920 
339;868 
340;846 
341;924 
342;878 
343;880 
344;910 
345;908 
346;900 
347;876 
348;916 
349;928 
350;864 
351;920 
352;878 
353;860 
354;928 
355;866 
356;908 
357;906 
358;846 
359;878 
360;908 
361;898 
362;880 
363;906 
364;886 
365;966 
366;934 
367;878 
368;900 
369;946 
370;898 
371;882 
372;898 
373;916 
374;918 
375;860 
376;896 
377;898 
378;922 
379;942 
380;876 
381;908 
382;888 
383;896 
384;860 
385;928 
386;922 
387;898 
388;796 
389;920 
390;884 
391;908 
392;924 
393;932 
394;888 
395;912 
396;954 
397;916 
398;884 
399;894 
400;874 
401;906 
402;886 
403;874 
404;908 
405;950 
406;926 
407;912 
408;954 
409;828 
410;840 
411;928 
412;904 
413;912 
414;896 
415;882 
416;884 
417;914 
418;936 
419;892 
420;906 
421;888 
422;916 
423;896 
424;918 
425;884 
426;886 
427;930 
428;854 
429;896 
430;962 
431;924 
432;902 
433;868 
434;900 
435;894 
436;896 
437;876 
438;826 
439;890 
440;852 
441;896 
442;898 
443;874 
444;912 
445;882 
446;922 
447;876 
448;898 
449;878 
450;918 
451;880 
452;910 
453;902 
454;926 
455;886 
456;902 
457;882 
458;926 
459;922 
460;908 
461;882 
462;878 
463;952 
464;888 
465;904 
466;830 
467;876 
468;854 
469;920 
470;850 
471;910 
472;900 
473;908 
474;956 
475;888 
476;916 
477;898 
478;894 
479;910 
480;918 
481;936 
482;870 
483;926 
484;878 
485;872 
486;902 
487;898 
488;872 
489;884 
490;894 
491;906 
492;910 
493;920 
494;944 
495;930 
496;896 
497;882 
498;908 
499;932 
500;884 
501;878 
502;876 
503;908 
504;892 
505;882 
506;918 
507;920 
508;902 
509;914 
510;912 
511;920 
512;930 
513;906 
514;906 
515;890 
516;832 
517;870 
518;838 
519;888 
520;926 
521;934 
522;886 
523;844 
524;934 
525;906 
526;868 
527;944 
528;958 
529;856 
530;898 
531;942 
532;896 
533;930 
534;918 
535;920 
536;894 
537;896 
538;916 
539;906 
540;874 
541;866 
542;870 
543;896 
544;898 
545;906 
546;908 
547;892 
548;960 
549;916 
550;958 
551;922 
552;896 
553;886 
554;940 
555;900 
556;906 
557;868 
558;962 
559;842 
560;870 
561;890 
562;908 
563;932 
564;940 
565;916 
566;904 
567;924 
568;874 
569;860 
570;872 
571;962 
572;930 
573;898 
574;914 
575;872 
576;870 
577;890 
578;914 
579;854 
580;942 
581;962 
582;910 
583;908 
584;858 
585;952 
586;884 
587;906 
588;860 
589;872 
590;880 
591;900 
592;914 
593;866 
594;896 
595;864 
596;926 
597;818 
598;924 
599;910 
600;946 
601;878 
602;920 
603;946 
604;944 
605;896 
606;934 
607;884 
608;858 
609;898 
610;876 
611;898 
612;882 
613;890 
614;910 
615;840 
616;846 
617;908 
618;966 
619;950 
620;902 
621;866 
622;912 
623;946 
624;908 
625;958 
626;894 
627;842 
628;918 
629;942 
630;874 
631;886 
632;926 
633;904 
634;918 
635;854 
636;898 
637;888 
638;902 
639;912 
640;854 
641;924 
642;882 
643;882 
644;930 
645;912 
646;902 
647;866 
648;886 
649;914 
650;896 
651;886 
652;890 
653;906 
654;886 
655;908 
656;906 
657;892 
658;878 
659;838 
660;922 
661;958 
662;872 
663;926 
664;876 
665;908 
666;928 
667;924 
668;920 
669;862 
670;856 
671;894 
672;934 
673;886 
674;888 
675;872 
676;930 
677;908 
678;932 
679;892 
680;948 
681;950 
682;882 
683;904 
684;832 
685;858 
686;898 
687;924 
688;1014 
689;842 
690;938 
691;932 
692;874 
693;866 
694;910 
695;920 
696;956 
697;904 
698;940 
699;864 
700;930 
701;944 
702;904 
703;860 
704;914 
705;924 
706;932 
707;890 
708;890 
709;906 
710;874 
711;942 
712;954 
713;898 
714;878 
715;886 
716;904 
717;860 
718;904 
719;934 
720;890 
721;936 
722;846 
723;890 
724;888 
725;916 
726;880 
727;864 
728;842 
729;890 
730;954 
731;888 
732;880 
733;860 
734;900 
735;914 
736;894 
737;932 
738;876 
739;918 
740;904 
741;858 
742;916 
743;894 
744;878 
745;876 
746;870 
747;890 
748;898 
749;906 
750;950 
751;910 
752;866 
753;916 
754;938 
755;890 
756;866 
757;892 
758;892 
759;880 
760;886 
761;918 
762;882 
763;896 
764;918 
765;918 
766;920 
767;870 
768;882 
769;910 
770;954 
771;910 
772;960 
773;934 
774;938 
775;930 
776;918 
777;908 
778;894 
779;910 
780;886 
781;902 
782;912 
783;946 
784;884 
785;902 
786;940 
787;884 
788;922 
789;882 
790;886 
791;930 
792;868 
793;862 
794;918 
795;936 
796;896 
797;930 
798;914 
799;924 
800;938 
801;910 
802;880 
803;960 
804;870 
805;868 
806;874 
807;878 
808;938 
809;880 
810;914 
811;924 
812;836 
813;856 
814;890 
815;918 
816;952 
817;892 
818;880 
819;916 
820;968 
821;926 
822;894 
823;930 
824;860 
825;918 
826;906 
827;884 
828;948 
829;956 
830;900 
831;880 
832;884 
833;864 
834;914 
835;902 
836;936 
837;912 
838;880 
839;900 
840;878 
841;880 
842;834 
843;894 
844;928 
845;926 
846;924 
847;942 
848;870 
849;928 
850;896 
851;886 
852;912 
853;888 
854;924 
855;902 
856;898 
857;906 
858;928 
859;894 
860;934 
861;876 
862;942 
863;898 
864;900 
865;894 
866;892 
867;900 
868;912 
869;902 
870;892 
871;890 
872;904 
873;834 
874;896 
875;924 
876;906 
877;874 
878;928 
879;916 
880;860 
881;874 
882;916 
883;888 
884;894 
885;892 
886;906 
887;898 
888;914 
889;926 
890;850 
891;878 
892;952 
893;886 
894;892 
895;870 
896;912 
897;892 
898;900 
899;924 
900;886 
901;918 
902;864 
903;912 
904;884 
905;884 
906;862 
907;910 
908;898 
909;908 
910;886 
911;904 
912;972 
913;904 
914;850 
915;956 
916;876 
917;912 
918;918 
919;906 
920;868 
921;932 
922;906 
923;914 
924;886 
925;890 
926;872 
927;878 
928;890 
929;898 
930;886 
931;868 
932;868 
933;876 
934;898 
935;902 
936;952 
937;838 
938;918 
939;898 
940;812 
941;882 
942;962 
943;904 
944;912 
945;892 
946;930 
947;868 
948;912 
949;876 
950;916 
951;936 
952;884 
953;842 
954;922 
955;886 
956;934 
957;974 
958;952 
959;914 
960;904 
961;876 
962;910 
963;928 
964;942 
965;916 
966;924 
967;848 
968;896 
969;878 
970;890 
971;888 
972;862 
973;878 
974;926 
975;850 
976;862 
977;924 
978;936 
979;820 
980;878 
981;872 
982;926 
983;872 
984;894 
985;904 
986;948 
987;840 
988;908 
989;876 
990;910 
991;872 
992;930 
993;930 
994;898 
995;876 
996;916 
997;906 
998;900 
999;930 
